DMSFILTERIR_line_TNK=[0.973047,0.039304,0.041258,0.045164,0.049070,0.052976,0.080320,0.068601,0.054929,0.058836,0.060789,0.066648,0.074461,0.076414,0.078367,0.090086,0.092039,0.093992,0.095945,0.097898,0.099851,0.101804,1.037500,1.035547,0.103758,0.105711,0.107664,0.109617,0.111570,0.113523,0.115476,0.117429,1.033594,1.031641,1.027734,0.119383,1.023828,0.121336,1.021875,1.017969,0.123289,1.016016,1.014063,0.125242,0.127195,1.006250,1.004297,1.002344,1.000391,0.129148,0.998438,0.131101,0.133054,0.996484,0.994531,0.992578,0.990625,0.988672,0.146726,0.986719,0.971094,0.984766,0.982813,0.980859,0.978906,0.142820,0.976953,0.144773,0.975000,0.150633,0.152586,0.969141,0.967188,0.965234,0.537351,0.158445,0.533445,0.162351,0.529539,0.166258,0.527586,0.170164,0.523679,0.174070,0.521726,0.510008,0.508054,0.502195,0.504148,0.500242,0.181883,0.191648,0.949609,0.951563,0.943750,0.939844,0.953516,0.937891,0.935938,0.933984,0.945703,0.941797,0.930078,0.928125,0.543211,0.549070,0.556883,0.496336,0.494383,0.492429,0.490476,0.486570,0.568601,0.484617,0.482664,0.480711,0.478758,0.476804,0.474851,0.472898,0.470945,0.468992,0.467039,0.463133,0.461179,0.459226,0.457273,0.453367,0.451414,0.447508,0.092553,0.090600,0.088647,0.086694,0.084740,0.082787,0.135522,0.137475,0.139428,0.141381,0.149194,0.155053,0.160912,0.164819,0.168725,0.172631,0.178490,0.188256,0.073022,0.071069,0.063256,0.057397,0.051537,0.047631,0.043725,0.995344,0.997298,0.999251,1.001204,1.003157,1.005110,1.007063,1.009016,1.010969,1.012923,1.014876,1.016829,1.018782,1.020735,0.964094,1.022688,1.024641,1.026594,1.028548,1.030501,1.032454,1.034407,1.036360,1.038313,0.962141,0.960188,0.952376,0.954329,0.958235,0.956282,0.948469,0.944563,0.946516,0.940657,0.942610,0.938704,0.936751,0.934798,0.932844,0.930891,0.928938,0.087459,0.085506,0.083553,0.081600,0.079647,0.077694,0.075740,0.071834,0.069881,0.067928,0.064022,0.062069,0.060115,0.056209,0.054256,0.050350,0.046444,0.042537,0.040584,0.095272,0.097225,0.099178,0.101131,0.103084,0.105037,0.106990,0.108944,0.110897,0.112850,0.114803,0.116756,0.118709,0.120662,0.122615,0.124569,0.140194,0.126522,0.138240,0.136287,0.134334,0.148006,0.146053,0.128475,0.130428,0.132381,0.144100,0.155819,0.151912,0.159725,0.153865,0.163631,0.167537,0.171444,0.177303,0.183162,0.198787,1.007850,1.009803,1.011756,1.013710,0.994178,0.992225,1.019569,1.021522,1.025428,1.027381,1.029335,1.033241,1.035194,1.037147,0.990272,0.988319,0.986366,0.984413,0.982460,0.980506,0.978553,0.976600,0.974647,0.972694,0.970741,0.968788,0.966835,0.964881,0.962928,0.960975,0.955116,0.959022,0.957069,0.951210,0.949256,0.947303,0.943397,0.939491,0.937538,0.935585,0.933631,0.931678,0.929725,0.927772,0.511480,0.505620,0.501714,0.497808,0.495855,0.493902,0.491949,0.489995,0.488042,0.513433,0.515386,0.517339,0.519292,0.525152,0.507574,0.499761,0.523199,0.531011,0.534917,0.538824,0.503667,0.486089,0.544683,0.550542,0.558355,0.484136,0.482183,0.480230,0.572027,0.478277,0.476324,0.474370,0.472417,0.470464,0.468511,0.466558,0.464605,0.462652,0.460699,0.458745,0.454839,0.456792,0.452886,0.448980,0.450933,0.447027,0.508621,0.504715,0.506668,0.510574,0.520340,0.512527,0.514480,0.516433,0.518386,0.528152,0.532058,0.535965,0.539871,0.526199,0.545730,0.553543,0.500808,0.561355,0.498855,0.494949,0.492996,0.491043,0.489090,0.487136,0.485183,0.483230,0.481277,0.578933,0.479324,0.477371,0.475418,0.473465,0.471511,0.469558,0.467605,0.465652,0.463699,0.461746,0.459793,0.457840,0.455886,0.451980,0.450027;0.118750,1.039304,1.037351,1.035398,1.033445,1.031492,1.010008,1.019773,1.029539,1.027586,1.025633,1.021726,1.015867,1.013914,1.011961,1.002195,1.000242,0.998289,0.996336,0.994383,0.992429,0.990476,0.040625,0.044531,0.988523,0.986570,0.984617,0.982664,0.980711,0.978758,0.976804,0.974851,0.048437,0.052344,0.058203,0.972898,0.064062,0.970945,0.066016,0.071875,0.968992,0.073828,0.075781,0.967039,0.965086,0.085547,0.087500,0.089453,0.091406,0.963133,0.093359,0.961179,0.959226,0.095312,0.097266,0.099219,0.101172,0.103125,0.947508,0.105078,0.120703,0.107031,0.108984,0.110937,0.112891,0.951414,0.114844,0.949461,0.116797,0.945554,0.943601,0.122656,0.124609,0.126562,0.781492,0.939695,0.783445,0.937742,0.785398,0.935789,0.787351,0.933836,0.789304,0.931883,0.791258,0.802976,0.804929,0.812742,0.810789,0.816648,0.929929,0.927976,0.144141,0.142187,0.151953,0.157812,0.140234,0.161719,0.165625,0.169531,0.150000,0.155859,0.181250,0.189062,0.779539,0.777586,0.775633,0.822508,0.826414,0.830320,0.834226,0.843992,0.773679,0.847898,0.851804,0.857664,0.861570,0.867429,0.871336,0.875242,0.881101,0.885008,0.888914,0.898679,0.902586,0.906492,0.910398,0.916258,0.920164,0.926023,0.998800,1.000753,1.002706,1.004659,1.006612,1.008565,0.957784,0.955831,0.953878,0.951925,0.946065,0.942159,0.938253,0.936300,0.934346,0.932393,0.930440,0.928487,1.016378,1.018331,1.024190,1.028096,1.032003,1.033956,1.035909,0.096124,0.094171,0.092218,0.090265,0.088312,0.086358,0.084405,0.082452,0.080499,0.078546,0.074640,0.072687,0.070733,0.068780,0.129327,0.064874,0.062921,0.060968,0.057062,0.053155,0.051202,0.047296,0.043390,0.039483,0.131280,0.133233,0.141046,0.139093,0.135187,0.137140,0.146905,0.150812,0.148858,0.156671,0.154718,0.160577,0.164483,0.168390,0.172296,0.178155,0.185968,1.003624,1.005577,1.007530,1.009484,1.011437,1.013390,1.015343,1.017296,1.019249,1.021202,1.023155,1.025109,1.027062,1.029015,1.030968,1.032921,1.034874,1.036827,1.038780,0.997765,0.995812,0.993859,0.991905,0.989952,0.987999,0.986046,0.984093,0.982140,0.980187,0.978234,0.976280,0.974327,0.972374,0.970421,0.968468,0.952843,0.966515,0.954796,0.956749,0.958702,0.946984,0.948937,0.964562,0.962609,0.960655,0.950890,0.941124,0.945030,0.939171,0.943077,0.937218,0.935265,0.933312,0.931359,0.929405,0.927452,0.082819,0.080866,0.078913,0.076960,0.098444,0.100397,0.069147,0.067194,0.061335,0.059381,0.055475,0.049616,0.045710,0.041803,0.102350,0.104303,0.106256,0.108210,0.110163,0.112116,0.114069,0.116022,0.117975,0.119928,0.121881,0.123835,0.125788,0.127741,0.129694,0.131647,0.137506,0.133600,0.135553,0.143366,0.145319,0.147272,0.153131,0.158991,0.162897,0.166803,0.170710,0.174616,0.182428,0.192194,0.800443,0.808256,0.814115,0.819974,0.823881,0.827787,0.831693,0.835599,0.839506,0.798490,0.796537,0.794584,0.792631,0.788724,0.806303,0.818021,0.790678,0.784818,0.782865,0.780912,0.812162,0.845365,0.778959,0.777006,0.775053,0.849271,0.853178,0.859037,0.773099,0.862943,0.868803,0.872709,0.876615,0.882474,0.886381,0.890287,0.894193,0.900053,0.903959,0.907865,0.913724,0.911771,0.917631,0.923490,0.921537,0.927396,0.803795,0.809654,0.807701,0.801842,0.792076,0.799889,0.797936,0.795982,0.794029,0.786217,0.784264,0.782311,0.780357,0.788170,0.778404,0.776451,0.815514,0.774498,0.819420,0.825279,0.829186,0.833092,0.838951,0.842857,0.846764,0.850670,0.856529,0.772545,0.860436,0.866295,0.870201,0.874107,0.879967,0.883873,0.887779,0.893639,0.897545,0.901451,0.905357,0.909264,0.913170,0.919029,0.922936;]';

