DMSFILTERIR_MW_line_MW9=[0.187223,0.240843,0.001245,0.005342;0.978501,0.962297,0.996847,0.996830;]';

dms_filter_func_evals=[0,0,0,0,20010,0]';