DMSFILTERIR_MW_line_5k_MW9=[0.187223,0.248827,0.238679,0.252314,0.245435,0.004262,0.001635;0.978501,0.949732,0.953649,0.948723,0.951050,1.297918,1.309851;]';

dms_filter_func_evals=[0,0,0,0,5004]';