DMSFILTERIR_styrene_s=[-9649470.000000,-9479410.000000,-9392140.000000,-9321180.000000,-10062700.000000,-10156800.000000,-10348600.000000,-10167500.000000,-10003600.000000,-9828220.000000,-9664030.000000,-9494670.000000,-9328500.000000,-11272500.000000,-11181300.000000,-11103600.000000,-10243600.000000,-10180300.000000,-10003000.000000,-9841050.000000,-9749150.000000,-9665300.000000,-9510260.000000,-9343240.000000,-9323370.000000,-9323440.000000,-9390810.000000,-9323360.000000,-9336050.000000,-13384600.000000,-12782900.000000,-12626100.000000,-12470600.000000,-11816000.000000,-12134000.000000,-11968600.000000,-11815700.000000,-11647400.000000,-11564800.000000,-11488600.000000,-10933600.000000,-11460600.000000,-11285500.000000,-11115000.000000,-10944200.000000,-10775700.000000,-10693600.000000,-10615000.000000,-10527000.000000,-10445300.000000,-9830770.000000,-9842180.000000,-9673320.000000,-9598180.000000,-9520750.000000,-9349690.000000,-8502300.000000,-8328430.000000,-8393910.000000,-8258080.000000,-8437270.000000,-8269480.000000,-8448760.000000,-8628920.000000,-8462540.000000,-8295220.000000,-8480830.000000,-8304880.000000,-8327340.000000,-9520120.000000,-8504750.000000,-8676930.000000,-8689670.000000,-8518180.000000,-8359360.000000,-8373740.000000,-8465590.000000,-8303470.000000,-8391020.000000,-8218880.000000,-8419520.000000,-8369160.000000,-8377250.000000,-8564620.000000,-8390770.000000,-8218730.000000,-8219620.000000,-8563180.000000,-8747730.000000,-8662100.000000,-8576520.000000,-8403230.000000,-8234580.000000,-8237740.000000,-8324130.000000,-8251690.000000,-8260150.000000,-8422960.000000,-8259910.000000,-8795870.000000,-8626100.000000,-8754390.000000,-8584320.000000,-8956040.000000,-8767620.000000,-8597470.000000,-8693160.000000,-8620140.000000,-8527400.000000,-8436660.000000,-8274140.000000,-8372780.000000,-8297710.000000,-8614170.000000,-8630650.000000,-8456170.000000,-8811860.000000,-8990140.000000,-9020440.000000,-8949230.000000,-9138410.000000,-8962150.000000,-8991920.000000,-9065380.000000,-8991830.000000,-8811700.000000,-8627770.000000,-8733860.000000,-8644110.000000,-8556870.000000,-8470080.000000,-8309570.000000,-8554140.000000,-9382110.000000,-9193810.000000,-9025630.000000,-9040570.000000,-9136050.000000,-9056020.000000,-9058380.000000,-9421290.000000,-9434000.000000,-9249210.000000,-9070980.000000,-9343430.000000,-9443240.000000,-9354940.000000,-9252700.000000,-9181430.000000,-8995750.000000,-8998720.000000,-9084220.000000,-9012790.000000,-8842360.000000,-8667060.000000,-8502050.000000,-8328380.000000,-8568240.000000,-8494480.000000,-8917920.000000,-8747360.000000,-9407830.000000,-9230800.000000,-9055530.000000,-9268400.000000,-9190540.000000,-9014140.000000,-10307500.000000,-10535300.000000,-10354400.000000,-10541400.000000,-10725600.000000,-10546800.000000,-10364800.000000,-10189100.000000,-9280700.000000,-9203040.000000,-9109600.000000,-9028010.000000,-8859700.000000,-8932920.000000,-8859610.000000,-8685680.000000,-8508910.000000,-8338370.000000,-9591370.000000,-9521750.000000,-8890350.000000,-8716440.000000,-13528300.000000,-12943200.000000,-12770700.000000,-12626600.000000,-11996200.000000,-12128300.000000,-12316700.000000,-12211900.000000,-12135500.000000,-11974600.000000,-11816400.000000,-11658100.000000,-10922100.000000,-10755300.000000,-10765600.000000,-10793900.000000,-11634900.000000,-11463700.000000,-11291900.000000,-11122600.000000,-10957600.000000,-10784400.000000,-9842560.000000,-10550500.000000,-10385600.000000,-10575900.000000,-10724400.000000,-10918600.000000,-10734300.000000,-10550200.000000,-10440200.000000,-10451600.000000,-10385400.000000,-10211200.000000,-10039100.000000,-9853800.000000,-8982330.000000,-9268270.000000,-9437790.000000,-9368570.000000,-9280520.000000,-9100930.000000,-8934070.000000,-9005310.000000,-8933980.000000,-8950440.000000,-8862050.000000,-8768880.000000,-8703770.000000,-8526850.000000,-8359420.000000,-8424000.000000,-9754740.000000,-9590550.000000,-10527200.000000,-10445500.000000,-10587900.000000,-9649510.000000,-9664070.000000,-9494700.000000,-9510390.000000,-9598320.000000,-9520860.000000,-9591390.000000,-9521780.000000,-9973270.000000,-9983220.000000,-8956050.000000,-8949490.000000,-8962400.000000,-9065620.000000,-8991850.000000,-9421440.000000,-9443250.000000,-9355170.000000,-9252860.000000,-9181680.000000,-8995890.000000,-8998970.000000,-9012810.000000,-8842480.000000,-9268430.000000,-9190550.000000,-9280850.000000,-9203160.000000,-9109760.000000,-9028020.000000,-8932940.000000,-8859640.000000,-8685690.000000,-13441300.000000,-12688300.000000,-11872600.000000,-11718800.000000,-13384800.000000,-12626300.000000,-12626700.000000,-11974800.000000,-11816500.000000,-11658200.000000,-11460700.000000,-11285700.000000,-11292100.000000,-11122800.000000,-10957700.000000,-10786400.000000,-10039300.000000,-9854050.000000,-9437810.000000,-9368720.000000,-9280620.000000,-9100960.000000,-9005330.000000,-8934010.000000,-8950670.000000,-8862080.000000,-8768980.000000,-8703910.000000,-8527010.000000,-8359530.000000,-12132400.000000,-11310100.000000,-12357900.000000,-12288500.000000,-11464700.000000,-11300100.000000,-10580500.000000,-10425800.000000,-13211200.000000,-13148600.000000,-13148800.000000,-12370500.000000,-12223900.000000,-11549100.000000,-11396000.000000,-11242200.000000,-10489200.000000,-11543400.000000,-10655000.000000,-10491900.000000,-10409000.000000,-10327500.000000,-10409200.000000,-10328100.000000,-10338800.000000,-10515600.000000,-10355800.000000,-13360500.000000,-13293400.000000,-12683200.000000,-12532300.000000,-12365400.000000,-11859100.000000,-11866800.000000,-11708000.000000,-11552100.000000,-11394500.000000,-10592500.000000,-10513600.000000,-10437700.000000,-10355400.000000,-9553440.000000,-9563880.000000,-9654950.000000,-9571460.000000,-9417190.000000,-12442600.000000,-11927800.000000,-11770200.000000,-11935300.000000,-11778000.000000,-11625900.000000,-11460000.000000,-10786800.000000,-10630500.000000,-10642000.000000,-10662300.000000,-10589000.000000,-11531600.000000,-11055400.000000,-11042500.000000,-11097800.000000,-11031100.000000,-11206500.000000,-11042400.000000,-10979400.000000,-10817900.000000,-10655600.000000,-10666000.000000,-10516100.000000,-13436100.000000,-13589300.000000,-13441100.000000,-12997600.000000,-12842200.000000,-12688100.000000,-12523600.000000,-12023900.000000,-12258200.000000,-12366500.000000,-12204800.000000,-12032800.000000,-11872400.000000,-11718700.000000,-11548700.000000,-11076500.000000,-11130800.000000,-11066300.000000,-11580800.000000,-11410700.000000,-11239600.000000,-11076300.000000,-11513100.000000,-11342300.000000,-11171100.000000,-11509500.000000,-11701600.000000,-11517900.000000,-11343900.000000,-11180500.000000,-11015400.000000,-10853200.000000,-10675800.000000,-10530700.000000,-9604220.000000,-9633750.000000,-9691070.000000,-9798540.000000,-9633610.000000,-9872930.000000,-9810120.000000,-9645510.000000,-9911440.000000,-10462400.000000,-10502500.000000,-10678000.000000,-10502300.000000,-10598400.000000,-10421800.000000,-10791500.000000,-10608100.000000,-10428100.000000,-10426500.000000,-10983900.000000,-10802900.000000,-10604500.000000,-10436900.000000,-10261300.000000,-10089400.000000,-9922330.000000,-9754710.000000,-9590510.000000,-9429130.000000,-8438580.000000,-8387630.000000,-8401680.000000,-8588850.000000,-8423890.000000,-11175000.000000,-13084000.000000,-12454600.000000,-12299200.000000,-12218400.000000,-12145600.000000,-12843900.000000,-12069600.000000,-11993800.000000,-11307800.000000,-11787700.000000,-11636900.000000,-11476500.000000,-11316400.000000,-11156900.000000,-13078200.000000,-12619000.000000,-12463800.000000,-12308800.000000,-12156300.000000,-11969100.000000,-11794600.000000,-11708900.000000,-11633700.000000,-11471400.000000,-11312800.000000,-11174900.000000,-10276000.000000,-10278000.000000,-11092100.000000,-10919400.000000,-10747800.000000,-10587600.000000,-10438800.000000,-10275800.000000,-10826800.000000,