DMSFILTERIR_500_FES1_C1=[4.450319,5.121777,5.029505,5.079346,4.988706,4.914765,4.975148,5.038546,4.934349,4.506831,4.610745,4.466032;2.584539,2.371431,2.395737,2.379678,2.403983,2.451292,2.419608,2.387924,2.427855,2.482976,2.451726,2.491223;]';

DMSFILTERIR_500_Kursawe_C1=[-15.764596,-16.078144,-15.447664,-17.398758,-14.043770,-14.520712,-15.612910,-15.917758,-15.304749,-15.332559,-14.936866,-16.555630,-16.723964,-17.222949,-13.434599,-13.663044,-14.660839,-14.153311,-13.673905,-13.917829,-14.418384,-14.287595,-14.377798,-16.217787,-15.186092,-14.549174,-14.800965,-14.019027,-13.555923,-13.791887,-13.199950,-13.085022,-19.048374,-17.871947,-17.430687,-17.649938,-18.788261,-18.324377,-18.554870,-16.133824,-16.050243,-15.536709,-15.460425,-15.204415,-15.005447,-15.072766,-17.133977,-16.885526,-17.044669,-13.374294,-13.313276,-18.096748,-16.538181,-16.302050,-16.233096,-16.386522;-4.439908,-3.866839,-5.056820,-0.765764,-9.233110,-8.134523,-4.790886,-4.217817,-5.407797,-5.320437,-6.532045,-2.888719,-2.294023,-1.338833,-10.436720,-10.085742,-7.630632,-9.080197,-9.935066,-9.584088,-8.225328,-8.729219,-8.485501,-3.743589,-5.915133,-7.721437,-7.126741,-9.431175,-10.286044,-9.935066,-10.689968,-10.738071,1.125326,-0.127288,-0.536864,-0.314907,0.249055,0.135905,0.210586,-3.846161,-3.894264,-4.893459,-4.941562,-5.627376,-6.241807,-5.937349,-1.645772,-2.106404,-1.955744,-10.539292,-10.587395,0.023372,-3.204991,-3.590606,-3.614568,-3.392611;]';

DMSFILTERIR_500_L1ZDT4_C1=[0.000000,0.293403,0.085069,0.173611,0.001736,0.027778,0.626736,0.840278,0.444444;270.105429,57.353503,59.315724,57.683438,61.277945,59.634976,55.391282,53.780363,55.731900;]';

DMSFILTERIR_500_L2ZDT1_C1=[0.024859,0.002399,0.006400,0.015822,0.000007,0.000003,0.061132,0.125886;24.904313,25.321290,25.263205,25.171563,26.010573,28.866350,24.724658,23.759130;]';

DMSFILTERIR_500_L2ZDT2_C1=[0.014747,0.008020,0.001131,0.000026,0.000123,0.000003,0.000007,0.001077;24.829250,25.055434,25.189185,26.014783,25.850728,28.874942,26.023855,25.775390;]';

DMSFILTERIR_500_L2ZDT3_C1=[0.232906,0.024859,0.002399,0.006400,0.015822,0.000007,0.000003,0.061132,0.125886;23.698972,24.886813,25.321109,25.261927,25.164019,26.010573,28.866350,24.667226,23.850588;]';

DMSFILTERIR_500_L2ZDT4_C1=[0.000818,0.003630,0.000003,0.000011,0.029214;297.863376,295.323227,382.612833,301.176603,270.477692;]';

DMSFILTERIR_500_L2ZDT6_C1=[0.003411,0.000003,0.000036,0.000356,0.011855,0.000006,0.000433;9.782626,11.035661,10.165166,10.071680,9.651779,10.207578,9.990063;]';

DMSFILTERIR_500_L3ZDT1_C1=[0.000220,0.000465,0.003833,0.009664,0.000002,0.513898,0.000144,0.000000,0.283329,0.055926,0.439199,0.181532,0.205686;14.695373,14.213140,13.747292,13.130408,16.238149,11.220414,15.528531,16.747551,12.100186,12.783927,11.470971,12.775233,12.454604;]';

DMSFILTERIR_500_L3ZDT2_C1=[0.000002,0.000159,0.000220,0.056926,0.000144,0.000000,0.000382;16.243704,15.429664,14.752358,13.253275,15.575862,16.748370,13.339705;]';

DMSFILTERIR_500_L3ZDT3_C1=[0.040886,0.000159,0.000220,0.000311,0.447762,0.056926,0.000001,0.000004,0.000000,0.027237,0.236676,0.055926,0.000382,0.012296,0.009664;12.824344,15.380076,14.695371,13.587621,11.281361,12.329330,15.635589,15.471588,16.747551,12.852550,11.925593,12.728968,13.268316,13.029228,13.127519;]';

DMSFILTERIR_500_L3ZDT4_C1=[0.002402,0.000465,0.009664,0.044303,0.000000,0.000000;270.110511,291.767832,254.856383,233.084675,317.049756,298.715948;]';

DMSFILTERIR_500_L3ZDT6_C1=[0.008780,0.000000,0.000024,0.000000,0.001194,0.000025,0.000113,0.004753;7.948668,8.539379,8.302262,9.261521,8.097417,8.294749,8.107411,8.088017;]';

DMSFILTERIR_500_MOP2_C1=[0.206183,0.937499,0.958797,0.971085,0.966019,0.821951,0.295801,0.313903,0.645907,0.660357,0.647746,0.898551,0.928807,0.712499,0.682593,0.338466,0.829217,0.864194,0.859151;0.996474,0.299459,0.238579,0.119034,0.193683,0.789660,0.995984,0.994975,0.906662,0.852392,0.880774,0.462877,0.378547,0.793996,0.822876,0.983090,0.667360,0.563890,0.647746;]';

DMSFILTERIR_500_MOP4_C1=[-15.545317,-15.186092,-14.676489,-14.549174,-14.800965,-16.479202,-16.152975,-16.316762,-15.273001,-15.134433,-15.204415,-14.938127,-15.005447,-15.822516,-15.988135,-15.489931,-15.656371,-17.133977,-16.798774,-16.885526,-17.658270,-17.484867,-17.311318,-15.475432,-15.403996,-15.259844,-14.993309,-15.063292,-14.742573,-14.869546,-18.096748,-15.587790,-19.048374,-15.072766,-18.788261,-18.324377,-18.554870,-17.871947,-17.044669,-16.397477,-16.076575,-16.237697,-17.398758,-15.332559,-15.751375,-15.914383,-17.222949,-16.639981,-16.711860,-16.555630,-17.747074;-7.131460,-9.260585,-11.304106,-11.541868,-10.901934,-4.464839,-5.317700,-4.862468,-8.646512,-9.536460,-9.134288,-10.426408,-10.024236,-6.329105,-5.815467,-7.219053,-6.816881,-2.768603,-3.863629,-3.461457,-0.757367,-0.904337,-1.757198,-7.645098,-8.132874,-9.022822,-10.176395,-9.774223,-11.066343,-10.664171,-0.049024,-7.054644,1.197723,-9.622065,0.241784,0.097946,0.192724,-0.254102,-3.256379,-4.702602,-5.555463,-5.100230,-1.301965,-8.620651,-6.566868,-6.053230,-2.254965,-4.131539,-4.101392,-4.369302,-0.424067;]';

DMSFILTERIR_500_OKA2_C1=[-3.141593;1.000008;]';

DMSFILTERIR_500_QV1_C1=[2.006749,1.914336,1.922879,1.987442,1.671719,1.626773,1.642168,1.657141,1.939631,1.947847,1.955960,1.963973,1.971889,1.979711,1.610928,1.610928,1.931310,1.577758,1.594602;1.606165,1.675531,1.672404,1.646735,1.990893,1.993844,1.992862,1.991878,1.666097,1.662917,1.659718,1.656501,1.653265,1.650010,1.994824,1.994824,1.669260,1.996781,1.995803;]';

DMSFILTERIR_500_SK2_C1=[12.444444,1.361111,-0.638889,0.444444,25.611111,21.944444,28.944444,26.027778,27.277778,24.361111,-4.722222,-4.388889,-3.388889,-2.388889,-4.055556,-3.055556,-3.972222,-0.388889,1.944444,2.944444,4.277778,2.361111,5.277778,3.361111,6.277778,5.361111,-1.388889,-2.305556,-2.055556,-2.638889,8.611111,6.694444,10.611111,7.694444,-0.055556,1.611111,0.944444,-1.055556,0.027778,31.361111,34.777778,-3.555556,5.777778,10.027778;-2.803165,-1.578622,-1.138676,-1.397225,-3.182685,-3.056257,-3.514167,-3.233055,-3.391645,-3.106027,0.443254,-0.009881,-0.519691,-0.679074,-0.187568,-0.624411,-0.296183,-1.162125,-1.714047,-1.913986,-2.151537,-1.738618,-2.165963,-1.942354,-2.482054,-2.281371,-1.103729,-0.789495,-0.853130,-0.635017,-2.747686,-2.517049,-2.791996,-2.549458,-1.303352,-1.605801,-1.559860,-1.123170,-1.379779,-3.571064,-3.629644,-0.303220,-2.314932,-2.764946;]';

DMSFILTERIR_500_TKLY1_C1=[0.562500,0.531250,0.468750,0.437500,0.406250,0.500000,0.375000,0.343750,0.156250,0.125000,0.312500,0.187500,0.906250,0.875000,0.843750,0.656250,0.625000,0.593750,0.968750,0.937500,1.000000,0.812500,0.781250,0.718750,0.687500,0.750000,0.281250,0.218750,0.250000;3.080987,3.270168,3.706191,3.961269,4.276374,3.466110,4.621480,5.053896,11.332494,14.387051,5.545777,9.420796,1.912337,1.975821,2.053991,2.640846,2.766150,2.918830,1.788960,1.844100,1.728844,2.127808,2.218311,2.411207,2.514682,2.305125,6.161974,7.948098,6.954586;]';

DMSFILTERIR_500_ZDT1_C1=[0.786638,0.724138,0.911638,0.974138,0.849138;5.085504,5.184106,4.899417,4.811169,4.990747;]';

DMSFILTERIR_500_ZDT2_C1=[0.786638,0.724138,0.911638,0.974138,0.849138;7.434924,7.447485,7.406684,7.391006,7.421324;]';

DMSFILTERIR_500_ZDT3_C1=[0.724138,0.827586,0.452586,0.849138;5.682095,5.075239,5.973200,4.141920;]';

DMSFILTERIR_500_ZDT4_C1=[0.000000,1.000000;124.000000,112.864471;]';

DMSFILTERIR_500_ZDT6_C1=[0.978053,0.974697;9.096418,9.097130;]';

