DMSFILTERIR_styrene_feas_s=[-28915300.000000,-28901300.000000,-28832000.000000,-28828800.000000,-28792100.000000,-28768100.000000,-28388000.000000,-28368500.000000,-28327000.000000,-28334200.000000,-28312500.000000,-29078000.000000,-28851300.000000,-28828200.000000,-28810600.000000,-28811000.000000,-29064300.000000,-29053800.000000,-29035500.000000,-29026400.000000,-28446100.000000,-28438600.000000,-28640500.000000,-28598600.000000,-28596100.000000,-28584800.000000,-28579400.000000,-28548100.000000,-28514400.000000,-28481000.000000,-28434300.000000,-28441900.000000,-28426200.000000,-28410100.000000,-28950300.000000,-28729200.000000,-28723900.000000,-28706200.000000,-28243300.000000,-28584100.000000,-28901600.000000,-28934200.000000,-28732100.000000,-28727100.000000,-28805700.000000,-28921300.000000,-28816500.000000,-29022400.000000,-28604200.000000,-28926700.000000;-0.007456,-0.007457,-0.007464,-0.007465,-0.007248,-0.007468,-0.007272,-0.007273,-0.007275,-0.007058,-0.007276,-0.007441,-0.007245,-0.007027,-0.007248,-0.007029,-0.007443,-0.007445,-0.007225,-0.007446,-0.007484,-0.007485,-0.007254,-0.007475,-0.007476,-0.007477,-0.007479,-0.007262,-0.007263,-0.007264,-0.007486,-0.007269,-0.007487,-0.007271,-0.007452,-0.007687,-0.007470,-0.007471,-0.007489,-0.007689,-0.007670,-0.007236,-0.007686,-0.007469,-0.007466,-0.007237,-0.007246,-0.007226,-0.007474,-0.007455;-0.523667,-0.524333,-0.528000,-0.528667,-0.530000,-0.530333,-0.543000,-0.543667,-0.544333,-0.544333,-0.545000,-0.515000,-0.528333,-0.529000,-0.529667,-0.529667,-0.516333,-0.517000,-0.517667,-0.517667,-0.539667,-0.540333,-0.533000,-0.534667,-0.535333,-0.536000,-0.536667,-0.537333,-0.538000,-0.538667,-0.541000,-0.541000,-0.541667,-0.542333,-0.521000,-0.530333,-0.531667,-0.532333,-0.543000,-0.531667,-0.519667,-0.523667,-0.529667,-0.531000,-0.529333,-0.524000,-0.529000,-0.518333,-0.534000,-0.523000;]';

DMSFILTERIR_styrene_func_evals=[20004,20004]';