DTLZ1_C1_extrema=[0.000000 29.621331 9.373005 ;0.000000 0.000000 39.009550 ;25.500000 0.000000 0.000000 ;38.980505 0.000002 0.000000 ;0.000000 47.678209 0.000000 ;0.000000 0.000000 39.009550 ;];

DTLZ2_C1_extrema=[0.000000 0.000000 1153.370463 ;0.000000 0.000000 1153.370463 ;2.160156 0.000000 0.000000 ;1083.483340 0.000000 0.000000 ;0.000000 1080.442824 0.000000 ;0.000000 0.000000 1153.370463 ;];

DTLZ3_C1_extrema=[0.000000 0.000000 184.966793 ;0.000000 0.000000 184.966793 ;137.967417 0.000000 0.000000 ;151.000000 0.000000 0.000000 ;0.000000 151.000000 0.000000 ;0.000000 0.000000 184.966793 ;];

DTLZ4_C1_extrema=[0.000000 0.000000 1.051194 ;0.000000 0.000000 1.051194 ;1.020877 0.000000 0.000000 ;3.448944 0.000000 0.000000 ;0.000000 3.485852 0.000000 ;0.000000 0.000000 3.487424 ;];

DTLZ5_C1_extrema=[0.000000 0.000000 10.828228 ;0.000000 0.000000 10.828228 ;0.784688 10.636259 0.000000 ;10.727097 0.784234 0.371483 ;0.781981 10.900917 0.916692 ;0.000000 0.000000 10.909403 ;];

DTLZ6_C1_extrema=[0.373958 0.295833 24.935493 ;0.389583 0.280208 24.960664 ;0.858333 0.858333 21.652087 ;0.940643 0.580799 23.573396 ;0.692724 0.882565 22.657525 ;0.475658 0.558671 25.900690 ;];

FES1_C1_extrema=[3.514421 2.634153 ;5.084843 2.083866 ;5.403009 2.161655 ;3.912236 2.670315 ;];

FES2_C1_extrema=[2.147688 8.349249 5.619302 ;2.978103 6.837010 4.700639 ;3.086227 7.495762 3.486907 ;3.393273 7.110678 3.928167 ;2.245763 8.396955 5.573506 ;2.161655 8.362095 5.626114 ;];

FES3_C1_extrema=[3.350492 7.623659 5.046268 0.786313 ;4.623097 7.249083 4.997042 0.726917 ;4.655307 7.682746 3.944851 0.453852 ;4.639075 7.604560 4.332528 0.416640 ;4.721072 7.662310 4.014578 0.455403 ;4.153225 7.856053 4.264251 0.609027 ;4.158118 7.427487 5.275821 0.937471 ;4.463081 7.279331 5.137123 0.967979 ;];

I1_C1_extrema=[0.528381 0.528381 1.528381 ;1.467390 0.467400 0.467588 ;1.467400 0.467400 0.467400 ;1.535654 0.537293 0.537293 ;1.422590 1.081210 0.567341 ;0.595300 0.537952 1.533874 ;];

I2_C1_extrema=[0.113591 0.201620 1.103545 ;0.115312 0.115312 1.115312 ;0.198673 1.169341 0.169759 ;1.420789 0.420789 0.420789 ;0.414110 1.414109 0.414109 ;0.131936 0.142332 1.131090 ;];

I3_C1_extrema=[0.007651 0.868801 0.495120 ;1.000010 0.000010 0.000118 ;1.000008 0.000257 0.000008 ;1.000010 0.000012 0.000012 ;0.075707 1.072580 0.154732 ;0.114599 0.097726 1.097584 ;];

I4_C1_extrema=[0.219769 0.219769 1.219769 ;0.219769 0.219769 1.219769 ;1.153014 0.602256 0.226354 ;1.197601 0.511511 0.252245 ;0.819685 0.925495 0.664438 ;0.332932 0.294201 1.229469 ;];

I5_C1_extrema=[0.010851 1.010785 0.017146 ;0.746628 0.120877 0.854629 ;0.010851 1.010805 0.011010 ;1.399999 0.400912 0.399999 ;0.356181 1.356178 0.358758 ;0.400000 0.400000 1.400000 ;];

Kursawe_C1_extrema=[-19.152908 0.657859 ;-13.005956 -10.748401 ;-13.005256 -10.748401 ;-19.152908 0.657859 ;];

L1ZDT4_C1_extrema=[0.000000 35.549277 ;0.996877 11.133858 ;1.000000 16.170049 ;0.000000 229.124768 ;];

L2ZDT1_C1_extrema=[0.000000 29.252971 ;2.060821 16.777614 ;2.060821 16.777614 ;0.000000 29.566472 ;];

L2ZDT2_C1_extrema=[0.000000 26.748984 ;0.374540 21.747794 ;0.374540 21.747794 ;0.000000 29.258174 ;];

L2ZDT3_C1_extrema=[0.000000 29.312033 ;2.847907 16.112147 ;2.847907 16.112147 ;0.000000 29.566472 ;];

L2ZDT4_C1_extrema=[0.000000 354.556844 ;0.007417 99.987484 ;0.157407 103.033236 ;0.000000 354.556844 ;];

L2ZDT6_C1_extrema=[0.000000 9.859400 ;0.013813 9.054970 ;0.014873 9.062521 ;0.000000 9.859400 ;];

L3ZDT1_C1_extrema=[0.000000 26.169344 ;21.227924 3.087735 ;21.227924 3.087735 ;0.000000 26.169344 ;];

L3ZDT2_C1_extrema=[0.000000 25.062786 ;0.189728 10.944645 ;1.036442 15.483209 ;0.000000 25.062786 ;];

L3ZDT3_C1_extrema=[0.000000 26.023896 ;5.641351 1.467709 ;5.641351 1.467709 ;0.000000 26.023896 ;];

L3ZDT4_C1_extrema=[0.000000 406.089169 ;0.009451 76.693348 ;1.724068 90.609289 ;0.000000 406.089169 ;];

L3ZDT6_C1_extrema=[0.000000 10.326503 ;0.020093 7.512385 ;0.023563 7.526410 ;0.000000 10.326503 ;];

lovison5_C1_extrema=[0.226642 2.202876 0.547824 ;2.029716 -0.667415 1.960945 ;0.569111 1.560908 -0.070815 ;2.591336 -0.454598 1.532275 ;0.248871 3.216838 0.300174 ;1.600080 -0.586040 2.468863 ;];

lovison6_C1_extrema=[0.016090 2.253694 2.636181 ;0.647720 -0.671485 1.541293 ;1.107451 1.271731 -0.334344 ;1.107451 1.271731 -0.334344 ;0.292961 2.376005 0.252427 ;0.016090 2.253694 2.636181 ;];

MOP2_C1_extrema=[0.135273 0.996028 ;0.986391 0.029415 ;0.986607 0.029766 ;0.135289 0.996028 ;];

MOP4_C1_extrema=[-19.159735 0.668132 ;-14.435667 -11.627287 ;-14.435463 -11.627287 ;-19.159735 0.668132 ;];

OKA2_C1_extrema=[-3.141593 1.006067 ;3.117156 0.028518 ;3.117156 0.031984 ;-3.141593 1.006067 ;];

QV1_C1_extrema=[0.944746 2.131694 ;2.171910 0.096523 ;2.200360 0.739148 ;0.944746 2.131694 ;];

SK2_C1_extrema=[-5.000000 0.615291 ;34.139734 -3.663162 ;34.173611 -3.663112 ;-5.000000 0.615291 ;];

TKLY1_C1_extrema=[0.100000 17.818410 ;1.000000 1.728000 ;1.000000 1.728000 ;0.100000 17.818410 ;];

WFG1_C1_extrema=[0.877668 4.872124 0.877669 ;2.628835 0.792635 0.808685 ;2.628835 0.792635 0.808685 ;2.925528 0.930550 0.930550 ;0.877668 4.872124 0.877669 ;0.881535 0.881535 6.881535 ;];

WFG2_C1_extrema=[0.000969 0.004953 5.919894 ;1.990750 0.000008 0.000006 ;1.987234 0.000052 0.000001 ;2.666667 0.666667 0.666667 ;0.666667 4.666667 0.666667 ;0.001805 0.001825 6.001771 ;];

WFG3_C1_extrema=[0.032064 0.032412 6.029793 ;0.032065 0.032410 6.029793 ;1.095849 1.952076 0.047924 ;3.000000 1.000000 1.000001 ;1.000000 3.241490 0.413830 ;0.032064 0.032412 6.029793 ;];

WFG4_C1_extrema=[0.000062 0.164545 5.994978 ;0.691749 0.030553 5.693184 ;0.174247 3.995146 0.008848 ;2.040187 0.040187 0.040187 ;0.147674 4.067417 0.070404 ;0.078506 0.037698 6.036448 ;];

WFG5_C1_extrema=[0.062312 0.362869 6.031504 ;0.790769 0.064867 5.649912 ;2.071258 0.082747 0.071267 ;2.207408 0.353968 0.426091 ;0.527216 4.156741 0.426091 ;0.177490 0.127957 6.063645 ;];

WFG6_C1_extrema=[0.018258 3.929610 1.274437 ;0.026544 0.026544 6.026544 ;1.290869 3.107853 0.019710 ;2.400000 0.400000 0.400000 ;0.400000 4.400000 0.400000 ;0.269831 0.893564 6.118370 ;];

WFG7_C1_extrema=[0.000000 3.920339 1.191481 ;2.000000 0.000000 0.000000 ;2.000000 0.000000 0.000000 ;2.002375 0.002375 0.002375 ;0.043498 4.043498 0.043498 ;0.038258 0.037864 6.037775 ;];

WFG8_C1_extrema=[0.000000 3.227238 3.544871 ;2.000001 0.000001 0.000011 ;2.000002 0.000002 0.000002 ;2.408566 0.623101 0.728060 ;0.156236 4.156236 0.156236 ;0.077099 0.077099 6.077099 ;];

WFG9_C1_extrema=[0.008680 0.258170 5.989613 ;0.117254 0.014935 6.000460 ;1.993044 0.488943 0.165368 ;2.097601 0.283637 0.272061 ;0.211478 4.099525 0.285171 ;0.147485 0.218930 6.064058 ;];

ZDT1_C1_extrema=[0.647396 5.197776 ;1.000000 4.648250 ;1.000000 4.648266 ;0.647396 5.208105 ;];

ZDT2_C1_extrema=[0.342708 7.425407 ;0.999999 7.225190 ;0.999999 7.225190 ;0.342708 7.425407 ;];

ZDT3_C1_extrema=[0.000000 7.441973 ;0.852865 3.938693 ;0.852865 3.941708 ;0.000000 7.441973 ;];

ZDT4_C1_extrema=[0.000000 9.095545 ;0.998437 3.551716 ;1.000000 6.618206 ;0.000000 9.095545 ;];

ZDT6_C1_extrema=[0.950026 9.109858 ;0.991549 9.095301 ;1.000000 9.123646 ;0.950063 9.150910 ;];

ZLT1_C1_extrema=[4.149308 5.718583 5.127942 ;6.210642 4.040157 4.875676 ;5.759278 4.632918 3.870016 ;7.039171 5.101671 5.039171 ;5.958767 6.333767 4.896267 ;5.459042 5.880917 5.912167 ;];

CL1_C2_extrema=[1237.841423 0.040000 ;2886.356135 0.002761 ;2886.369560 0.002761 ;1237.845935 0.040000 ;];

Kursawe_C2_extrema=[-18.091653 1.102990 ;-13.005975 -10.748401 ;-13.005255 -10.748401 ;-18.090694 1.158466 ;];

lovison5_C2_extrema=[0.618229 4.243113 1.081813 ;1.934658 -0.666027 1.936451 ;1.018231 1.678509 0.133247 ;2.581101 -0.459907 1.535788 ;0.868442 4.528050 0.453678 ;1.845415 -0.522969 2.033305 ;];

lovison6_C2_extrema=[0.016090 2.253691 2.636169 ;0.325376 -0.340722 1.333904 ;0.863774 0.932876 -0.229772 ;0.875294 0.912966 -0.228850 ;0.373149 2.329812 0.105946 ;0.016090 2.253686 2.636172 ;];

