teste0708_5k_TKLY1_C5=[