teste_2k_TKLY1_C5=[0.974617,0.972664,0.853346,0.847486,0.845533,0.841627,0.839674,0.843580,0.851392,0.849439,0.870924,0.945245,0.882642,0.880689,0.878736,0.874830,0.876783,0.872877,0.947198,0.820142,0.818189,0.826002,0.935377,0.933424,0.929517,0.931471,0.927564,0.925611,0.833814,0.829908,0.831861,0.835767,0.837721,0.827955,0.861158,0.865064,0.863111,0.919854,0.921807,0.917901,0.915948,0.912042,0.913995,0.876886,0.872979,0.874932,0.871026,0.869073,0.865167,0.867120,0.863214,0.960870,0.962823,0.964776,0.966729,0.968682,0.970636,0.943189,0.941236,0.947096,0.900323,0.953133,0.951180,0.947273,0.949227,0.978523,0.976570;4.205641,4.214086,5.018409,5.062484,5.067269,5.090788,5.102581,5.079001,5.027430,5.032129,4.879067,4.407581,4.802523,4.813173,4.826504,4.848055,4.837256,4.865527,4.392234,5.234473,5.256835,5.204652,4.477838,4.481431,4.500264,4.490828,4.514983,4.518573,5.157739,5.182016,5.169849,5.128887,5.114477,5.187061,4.946468,4.914728,4.925700,4.551476,4.532711,4.570414,4.580160,4.593341,4.583526,4.830706,4.855008,4.841489,4.875541,4.893524,4.908510,4.897454,4.919625,4.297813,4.289095,4.280412,4.271764,4.263151,4.254572,4.410839,4.438574,4.392646,4.665385,4.335665,4.338237,4.365609,4.347164,4.192031,4.197230;]';

dms_filter_func_evals=[0,0,0,0,0,0,0,0,0,0,0,0,0,0,0,0,0,0,0,0,0,0,0,0,0,0,0,0,0,0,0,0,0,0,0,0,0,0,0,0,0,0,0,0,0,0,0,0,0,0,0,0,0,0,0,0,0,0,0,0,0,0,0,0,0,0,0,0,0,0,0,0,0,0,0,0,0,0,0,0,0,0,0,0,0,0,0,0,0,0,0,0,0,0,0,0,0,0,0,0,0,0,0,0,0,0,0,0,0,0,0,0,0,0,0,0,0,0,0,0,0,0,0,0,0,0,0,0,0,0,0,0,0,0,0,0,0,0,0,0,0,0,0,0,0,0,0,0,0,0,0,0,0,0,0,0,0,0,0,0,0,0,0,0,0,0,0,0,0,0,0,0,0,0,0,0,0,0,0,0,0,0,0,0,0,0,0,0,0,0,0,0,0,0,0,0,0,0,0,0,0,0,0,0,0,0,0,0,0,20005,0,0,0,0]';